{
 "cells": [
  {
   "cell_type": "markdown",
   "metadata": {},
   "source": [
    "# Pairs Trading\n",
    "\n",
    "Pairs trading is a form of mean-reversion quantitative strategy. In pairs trading, there are two different different equities that are traded and have a very high correlation value associated with each other. The assumption here is that these two equities have a stationary value where they will converge to whenever they begin to diverge. When these equities begin converging to this stationary value, trades are executed related to a short or long position."
   ]
  },
  {
   "cell_type": "markdown",
   "metadata": {},
   "source": [
    "Importing packages and retrieving 1 year of stock data using `yfinance`."
   ]
  },
  {
   "cell_type": "code",
   "execution_count": 46,
   "metadata": {},
   "outputs": [],
   "source": [
    "import pandas as pd\n",
    "import pandas_datareader as pdr\n",
    "from datetime import datetime\n",
    "import yfinance as yf\n",
    "import seaborn as sns\n",
    "from matplotlib.pyplot import figure\n",
    "import matplotlib.pyplot as plt\n",
    "from itertools import combinations\n",
    "import warnings\n",
    "import statsmodels.tsa.stattools as ts\n",
    "from statsmodels.tsa.stattools import adfuller\n"
   ]
  },
  {
   "cell_type": "code",
   "execution_count": 24,
   "metadata": {},
   "outputs": [
    {
     "name": "stderr",
     "output_type": "stream",
     "text": [
      "[*********************100%***********************]  1 of 1 completed\n",
      "[*********************100%***********************]  1 of 1 completed\n",
      "[*********************100%***********************]  1 of 1 completed\n",
      "[*********************100%***********************]  1 of 1 completed\n",
      "[*********************100%***********************]  1 of 1 completed\n",
      "[*********************100%***********************]  1 of 1 completed\n",
      "[*********************100%***********************]  1 of 1 completed\n",
      "[*********************100%***********************]  1 of 1 completed\n",
      "[*********************100%***********************]  1 of 1 completed\n",
      "[*********************100%***********************]  1 of 1 completed\n",
      "[*********************100%***********************]  1 of 1 completed\n",
      "[*********************100%***********************]  1 of 1 completed\n",
      "[*********************100%***********************]  1 of 1 completed\n",
      "[*********************100%***********************]  1 of 1 completed\n",
      "[*********************100%***********************]  1 of 1 completed\n",
      "[*********************100%***********************]  1 of 1 completed\n",
      "[*********************100%***********************]  1 of 1 completed\n"
     ]
    },
    {
     "data": {
      "text/html": [
       "<div>\n",
       "<style scoped>\n",
       "    .dataframe tbody tr th:only-of-type {\n",
       "        vertical-align: middle;\n",
       "    }\n",
       "\n",
       "    .dataframe tbody tr th {\n",
       "        vertical-align: top;\n",
       "    }\n",
       "\n",
       "    .dataframe thead th {\n",
       "        text-align: right;\n",
       "    }\n",
       "</style>\n",
       "<table border=\"1\" class=\"dataframe\">\n",
       "  <thead>\n",
       "    <tr style=\"text-align: right;\">\n",
       "      <th></th>\n",
       "      <th>AAPL</th>\n",
       "      <th>GOOG</th>\n",
       "      <th>AMD</th>\n",
       "      <th>GME</th>\n",
       "      <th>SPY</th>\n",
       "      <th>NFLX</th>\n",
       "      <th>AMZN</th>\n",
       "      <th>BA</th>\n",
       "      <th>WMT</th>\n",
       "      <th>CMG</th>\n",
       "      <th>GS</th>\n",
       "      <th>XOM</th>\n",
       "      <th>NKE</th>\n",
       "      <th>INTC</th>\n",
       "      <th>META</th>\n",
       "      <th>BRK-B</th>\n",
       "      <th>MSFT</th>\n",
       "    </tr>\n",
       "    <tr>\n",
       "      <th>Date</th>\n",
       "      <th></th>\n",
       "      <th></th>\n",
       "      <th></th>\n",
       "      <th></th>\n",
       "      <th></th>\n",
       "      <th></th>\n",
       "      <th></th>\n",
       "      <th></th>\n",
       "      <th></th>\n",
       "      <th></th>\n",
       "      <th></th>\n",
       "      <th></th>\n",
       "      <th></th>\n",
       "      <th></th>\n",
       "      <th></th>\n",
       "      <th></th>\n",
       "      <th></th>\n",
       "    </tr>\n",
       "  </thead>\n",
       "  <tbody>\n",
       "    <tr>\n",
       "      <th>2023-10-20</th>\n",
       "      <td>171.999863</td>\n",
       "      <td>136.405014</td>\n",
       "      <td>101.809998</td>\n",
       "      <td>13.44</td>\n",
       "      <td>416.845093</td>\n",
       "      <td>400.959991</td>\n",
       "      <td>125.169998</td>\n",
       "      <td>180.039993</td>\n",
       "      <td>52.215137</td>\n",
       "      <td>36.625000</td>\n",
       "      <td>292.006958</td>\n",
       "      <td>107.317192</td>\n",
       "      <td>101.113297</td>\n",
       "      <td>34.345562</td>\n",
       "      <td>308.017029</td>\n",
       "      <td>335.859985</td>\n",
       "      <td>324.236298</td>\n",
       "    </tr>\n",
       "    <tr>\n",
       "      <th>2023-10-23</th>\n",
       "      <td>172.119247</td>\n",
       "      <td>137.562164</td>\n",
       "      <td>100.010002</td>\n",
       "      <td>13.44</td>\n",
       "      <td>416.122620</td>\n",
       "      <td>406.839996</td>\n",
       "      <td>126.559998</td>\n",
       "      <td>181.029999</td>\n",
       "      <td>52.955143</td>\n",
       "      <td>36.393200</td>\n",
       "      <td>291.199249</td>\n",
       "      <td>105.742409</td>\n",
       "      <td>101.251167</td>\n",
       "      <td>33.293171</td>\n",
       "      <td>313.366058</td>\n",
       "      <td>336.839996</td>\n",
       "      <td>326.866516</td>\n",
       "    </tr>\n",
       "    <tr>\n",
       "      <th>2023-10-24</th>\n",
       "      <td>172.557007</td>\n",
       "      <td>139.776733</td>\n",
       "      <td>101.669998</td>\n",
       "      <td>14.04</td>\n",
       "      <td>419.259949</td>\n",
       "      <td>413.730011</td>\n",
       "      <td>128.559998</td>\n",
       "      <td>182.360001</td>\n",
       "      <td>53.691868</td>\n",
       "      <td>37.101799</td>\n",
       "      <td>291.160309</td>\n",
       "      <td>104.718315</td>\n",
       "      <td>103.585236</td>\n",
       "      <td>34.021000</td>\n",
       "      <td>311.909027</td>\n",
       "      <td>338.630005</td>\n",
       "      <td>328.067505</td>\n",
       "    </tr>\n",
       "    <tr>\n",
       "      <th>2023-10-25</th>\n",
       "      <td>170.228912</td>\n",
       "      <td>126.359680</td>\n",
       "      <td>96.059998</td>\n",
       "      <td>13.71</td>\n",
       "      <td>413.242615</td>\n",
       "      <td>411.250000</td>\n",
       "      <td>121.389999</td>\n",
       "      <td>177.729996</td>\n",
       "      <td>53.530708</td>\n",
       "      <td>36.837399</td>\n",
       "      <td>288.805176</td>\n",
       "      <td>104.911552</td>\n",
       "      <td>101.970100</td>\n",
       "      <td>32.289951</td>\n",
       "      <td>298.915741</td>\n",
       "      <td>336.899994</td>\n",
       "      <td>338.131958</td>\n",
       "    </tr>\n",
       "    <tr>\n",
       "      <th>2023-10-26</th>\n",
       "      <td>166.040359</td>\n",
       "      <td>123.137604</td>\n",
       "      <td>93.669998</td>\n",
       "      <td>13.50</td>\n",
       "      <td>408.294220</td>\n",
       "      <td>403.540009</td>\n",
       "      <td>119.570000</td>\n",
       "      <td>179.089996</td>\n",
       "      <td>53.205105</td>\n",
       "      <td>36.129398</td>\n",
       "      <td>289.028992</td>\n",
       "      <td>103.955078</td>\n",
       "      <td>98.503479</td>\n",
       "      <td>31.985046</td>\n",
       "      <td>287.758667</td>\n",
       "      <td>336.160004</td>\n",
       "      <td>325.447205</td>\n",
       "    </tr>\n",
       "  </tbody>\n",
       "</table>\n",
       "</div>"
      ],
      "text/plain": [
       "                  AAPL        GOOG         AMD    GME         SPY        NFLX  \\\n",
       "Date                                                                            \n",
       "2023-10-20  171.999863  136.405014  101.809998  13.44  416.845093  400.959991   \n",
       "2023-10-23  172.119247  137.562164  100.010002  13.44  416.122620  406.839996   \n",
       "2023-10-24  172.557007  139.776733  101.669998  14.04  419.259949  413.730011   \n",
       "2023-10-25  170.228912  126.359680   96.059998  13.71  413.242615  411.250000   \n",
       "2023-10-26  166.040359  123.137604   93.669998  13.50  408.294220  403.540009   \n",
       "\n",
       "                  AMZN          BA        WMT        CMG          GS  \\\n",
       "Date                                                                   \n",
       "2023-10-20  125.169998  180.039993  52.215137  36.625000  292.006958   \n",
       "2023-10-23  126.559998  181.029999  52.955143  36.393200  291.199249   \n",
       "2023-10-24  128.559998  182.360001  53.691868  37.101799  291.160309   \n",
       "2023-10-25  121.389999  177.729996  53.530708  36.837399  288.805176   \n",
       "2023-10-26  119.570000  179.089996  53.205105  36.129398  289.028992   \n",
       "\n",
       "                   XOM         NKE       INTC        META       BRK-B  \\\n",
       "Date                                                                    \n",
       "2023-10-20  107.317192  101.113297  34.345562  308.017029  335.859985   \n",
       "2023-10-23  105.742409  101.251167  33.293171  313.366058  336.839996   \n",
       "2023-10-24  104.718315  103.585236  34.021000  311.909027  338.630005   \n",
       "2023-10-25  104.911552  101.970100  32.289951  298.915741  336.899994   \n",
       "2023-10-26  103.955078   98.503479  31.985046  287.758667  336.160004   \n",
       "\n",
       "                  MSFT  \n",
       "Date                    \n",
       "2023-10-20  324.236298  \n",
       "2023-10-23  326.866516  \n",
       "2023-10-24  328.067505  \n",
       "2023-10-25  338.131958  \n",
       "2023-10-26  325.447205  "
      ]
     },
     "execution_count": 24,
     "metadata": {},
     "output_type": "execute_result"
    }
   ],
   "source": [
    "def get_data(tickers):\n",
    "    data = pd.DataFrame()\n",
    "    names = list()\n",
    "\n",
    "    for tick in tickers:\n",
    "        data = pd.concat([data, pd.DataFrame(yf.download(tick, start=datetime(2022, 10, 27), end=datetime(2023, 10, 27)).iloc[:,4])], axis = 1)\n",
    "        names.append(tick)\n",
    "\n",
    "    data.columns = names\n",
    "    return data\n",
    "\n",
    "tickers = [\"AAPL\", \"GOOG\", \"AMD\", \"GME\", \"SPY\", \"NFLX\",\"AMZN\", \"BA\", \"WMT\",\"CMG\",\"GS\",\"XOM\",\"NKE\",\"INTC\", \"META\",\"BRK-B\", \"MSFT\"] \n",
    "stock_data = get_data(tickers)\n",
    "\n",
    "stock_data.tail()\n"
   ]
  },
  {
   "cell_type": "markdown",
   "metadata": {},
   "source": [
    "Next, we need to find the correlations between all of the pairs in our data."
   ]
  },
  {
   "cell_type": "code",
   "execution_count": 6,
   "metadata": {},
   "outputs": [
    {
     "data": {
      "text/html": [
       "<div>\n",
       "<style scoped>\n",
       "    .dataframe tbody tr th:only-of-type {\n",
       "        vertical-align: middle;\n",
       "    }\n",
       "\n",
       "    .dataframe tbody tr th {\n",
       "        vertical-align: top;\n",
       "    }\n",
       "\n",
       "    .dataframe thead th {\n",
       "        text-align: right;\n",
       "    }\n",
       "</style>\n",
       "<table border=\"1\" class=\"dataframe\">\n",
       "  <thead>\n",
       "    <tr style=\"text-align: right;\">\n",
       "      <th></th>\n",
       "      <th>AAPL</th>\n",
       "      <th>GOOG</th>\n",
       "      <th>AMD</th>\n",
       "      <th>GME</th>\n",
       "      <th>SPY</th>\n",
       "      <th>NFLX</th>\n",
       "      <th>AMZN</th>\n",
       "      <th>BA</th>\n",
       "      <th>WMT</th>\n",
       "      <th>CMG</th>\n",
       "      <th>GS</th>\n",
       "      <th>XOM</th>\n",
       "      <th>NKE</th>\n",
       "      <th>INTC</th>\n",
       "      <th>META</th>\n",
       "      <th>BRK-B</th>\n",
       "      <th>MSFT</th>\n",
       "    </tr>\n",
       "  </thead>\n",
       "  <tbody>\n",
       "    <tr>\n",
       "      <th>AAPL</th>\n",
       "      <td>1.000000</td>\n",
       "      <td>0.868021</td>\n",
       "      <td>0.926885</td>\n",
       "      <td>-0.040056</td>\n",
       "      <td>0.923061</td>\n",
       "      <td>0.849538</td>\n",
       "      <td>0.901260</td>\n",
       "      <td>0.489047</td>\n",
       "      <td>0.774860</td>\n",
       "      <td>0.914949</td>\n",
       "      <td>-0.449356</td>\n",
       "      <td>-0.043326</td>\n",
       "      <td>-0.331529</td>\n",
       "      <td>0.794059</td>\n",
       "      <td>0.921944</td>\n",
       "      <td>0.788830</td>\n",
       "      <td>0.959371</td>\n",
       "    </tr>\n",
       "    <tr>\n",
       "      <th>GOOG</th>\n",
       "      <td>0.868021</td>\n",
       "      <td>1.000000</td>\n",
       "      <td>0.850978</td>\n",
       "      <td>-0.314211</td>\n",
       "      <td>0.900151</td>\n",
       "      <td>0.812996</td>\n",
       "      <td>0.951157</td>\n",
       "      <td>0.396521</td>\n",
       "      <td>0.890566</td>\n",
       "      <td>0.783993</td>\n",
       "      <td>-0.487351</td>\n",
       "      <td>0.144000</td>\n",
       "      <td>-0.500188</td>\n",
       "      <td>0.898312</td>\n",
       "      <td>0.934049</td>\n",
       "      <td>0.903245</td>\n",
       "      <td>0.917446</td>\n",
       "    </tr>\n",
       "    <tr>\n",
       "      <th>AMD</th>\n",
       "      <td>0.926885</td>\n",
       "      <td>0.850978</td>\n",
       "      <td>1.000000</td>\n",
       "      <td>-0.074643</td>\n",
       "      <td>0.869305</td>\n",
       "      <td>0.847477</td>\n",
       "      <td>0.858700</td>\n",
       "      <td>0.589583</td>\n",
       "      <td>0.679043</td>\n",
       "      <td>0.885239</td>\n",
       "      <td>-0.490715</td>\n",
       "      <td>-0.108925</td>\n",
       "      <td>-0.232427</td>\n",
       "      <td>0.741423</td>\n",
       "      <td>0.910948</td>\n",
       "      <td>0.729732</td>\n",
       "      <td>0.943149</td>\n",
       "    </tr>\n",
       "    <tr>\n",
       "      <th>GME</th>\n",
       "      <td>-0.040056</td>\n",
       "      <td>-0.314211</td>\n",
       "      <td>-0.074643</td>\n",
       "      <td>1.000000</td>\n",
       "      <td>-0.167231</td>\n",
       "      <td>-0.112100</td>\n",
       "      <td>-0.207234</td>\n",
       "      <td>-0.192251</td>\n",
       "      <td>-0.293026</td>\n",
       "      <td>-0.000783</td>\n",
       "      <td>0.431301</td>\n",
       "      <td>-0.308912</td>\n",
       "      <td>0.023417</td>\n",
       "      <td>-0.262902</td>\n",
       "      <td>-0.368922</td>\n",
       "      <td>-0.352351</td>\n",
       "      <td>-0.194852</td>\n",
       "    </tr>\n",
       "    <tr>\n",
       "      <th>SPY</th>\n",
       "      <td>0.923061</td>\n",
       "      <td>0.900151</td>\n",
       "      <td>0.869305</td>\n",
       "      <td>-0.167231</td>\n",
       "      <td>1.000000</td>\n",
       "      <td>0.932366</td>\n",
       "      <td>0.950676</td>\n",
       "      <td>0.617639</td>\n",
       "      <td>0.861746</td>\n",
       "      <td>0.824189</td>\n",
       "      <td>-0.276935</td>\n",
       "      <td>0.104271</td>\n",
       "      <td>-0.332360</td>\n",
       "      <td>0.872356</td>\n",
       "      <td>0.922222</td>\n",
       "      <td>0.921360</td>\n",
       "      <td>0.922689</td>\n",
       "    </tr>\n",
       "    <tr>\n",
       "      <th>NFLX</th>\n",
       "      <td>0.849538</td>\n",
       "      <td>0.812996</td>\n",
       "      <td>0.847477</td>\n",
       "      <td>-0.112100</td>\n",
       "      <td>0.932366</td>\n",
       "      <td>1.000000</td>\n",
       "      <td>0.897203</td>\n",
       "      <td>0.655303</td>\n",
       "      <td>0.745678</td>\n",
       "      <td>0.789582</td>\n",
       "      <td>-0.305061</td>\n",
       "      <td>-0.005493</td>\n",
       "      <td>-0.261513</td>\n",
       "      <td>0.775985</td>\n",
       "      <td>0.854278</td>\n",
       "      <td>0.824269</td>\n",
       "      <td>0.865251</td>\n",
       "    </tr>\n",
       "    <tr>\n",
       "      <th>AMZN</th>\n",
       "      <td>0.901260</td>\n",
       "      <td>0.951157</td>\n",
       "      <td>0.858700</td>\n",
       "      <td>-0.207234</td>\n",
       "      <td>0.950676</td>\n",
       "      <td>0.897203</td>\n",
       "      <td>1.000000</td>\n",
       "      <td>0.478082</td>\n",
       "      <td>0.868844</td>\n",
       "      <td>0.805317</td>\n",
       "      <td>-0.405372</td>\n",
       "      <td>0.106875</td>\n",
       "      <td>-0.493786</td>\n",
       "      <td>0.887293</td>\n",
       "      <td>0.926514</td>\n",
       "      <td>0.918348</td>\n",
       "      <td>0.917078</td>\n",
       "    </tr>\n",
       "    <tr>\n",
       "      <th>BA</th>\n",
       "      <td>0.489047</td>\n",
       "      <td>0.396521</td>\n",
       "      <td>0.589583</td>\n",
       "      <td>-0.192251</td>\n",
       "      <td>0.617639</td>\n",
       "      <td>0.655303</td>\n",
       "      <td>0.478082</td>\n",
       "      <td>1.000000</td>\n",
       "      <td>0.322335</td>\n",
       "      <td>0.484419</td>\n",
       "      <td>-0.092206</td>\n",
       "      <td>0.038069</td>\n",
       "      <td>0.331933</td>\n",
       "      <td>0.385548</td>\n",
       "      <td>0.554667</td>\n",
       "      <td>0.512422</td>\n",
       "      <td>0.503143</td>\n",
       "    </tr>\n",
       "    <tr>\n",
       "      <th>WMT</th>\n",
       "      <td>0.774860</td>\n",
       "      <td>0.890566</td>\n",
       "      <td>0.679043</td>\n",
       "      <td>-0.293026</td>\n",
       "      <td>0.861746</td>\n",
       "      <td>0.745678</td>\n",
       "      <td>0.868844</td>\n",
       "      <td>0.322335</td>\n",
       "      <td>1.000000</td>\n",
       "      <td>0.685590</td>\n",
       "      <td>-0.314461</td>\n",
       "      <td>0.249897</td>\n",
       "      <td>-0.515586</td>\n",
       "      <td>0.891206</td>\n",
       "      <td>0.825030</td>\n",
       "      <td>0.931949</td>\n",
       "      <td>0.823150</td>\n",
       "    </tr>\n",
       "    <tr>\n",
       "      <th>CMG</th>\n",
       "      <td>0.914949</td>\n",
       "      <td>0.783993</td>\n",
       "      <td>0.885239</td>\n",
       "      <td>-0.000783</td>\n",
       "      <td>0.824189</td>\n",
       "      <td>0.789582</td>\n",
       "      <td>0.805317</td>\n",
       "      <td>0.484419</td>\n",
       "      <td>0.685590</td>\n",
       "      <td>1.000000</td>\n",
       "      <td>-0.458591</td>\n",
       "      <td>-0.087038</td>\n",
       "      <td>-0.157777</td>\n",
       "      <td>0.665407</td>\n",
       "      <td>0.844292</td>\n",
       "      <td>0.707465</td>\n",
       "      <td>0.926793</td>\n",
       "    </tr>\n",
       "    <tr>\n",
       "      <th>GS</th>\n",
       "      <td>-0.449356</td>\n",
       "      <td>-0.487351</td>\n",
       "      <td>-0.490715</td>\n",
       "      <td>0.431301</td>\n",
       "      <td>-0.276935</td>\n",
       "      <td>-0.305061</td>\n",
       "      <td>-0.405372</td>\n",
       "      <td>-0.092206</td>\n",
       "      <td>-0.314461</td>\n",
       "      <td>-0.458591</td>\n",
       "      <td>1.000000</td>\n",
       "      <td>0.156256</td>\n",
       "      <td>0.147462</td>\n",
       "      <td>-0.370195</td>\n",
       "      <td>-0.563172</td>\n",
       "      <td>-0.275689</td>\n",
       "      <td>-0.532643</td>\n",
       "    </tr>\n",
       "    <tr>\n",
       "      <th>XOM</th>\n",
       "      <td>-0.043326</td>\n",
       "      <td>0.144000</td>\n",
       "      <td>-0.108925</td>\n",
       "      <td>-0.308912</td>\n",
       "      <td>0.104271</td>\n",
       "      <td>-0.005493</td>\n",
       "      <td>0.106875</td>\n",
       "      <td>0.038069</td>\n",
       "      <td>0.249897</td>\n",
       "      <td>-0.087038</td>\n",
       "      <td>0.156256</td>\n",
       "      <td>1.000000</td>\n",
       "      <td>-0.053713</td>\n",
       "      <td>0.258233</td>\n",
       "      <td>0.080671</td>\n",
       "      <td>0.257107</td>\n",
       "      <td>-0.030058</td>\n",
       "    </tr>\n",
       "    <tr>\n",
       "      <th>NKE</th>\n",
       "      <td>-0.331529</td>\n",
       "      <td>-0.500188</td>\n",
       "      <td>-0.232427</td>\n",
       "      <td>0.023417</td>\n",
       "      <td>-0.332360</td>\n",
       "      <td>-0.261513</td>\n",
       "      <td>-0.493786</td>\n",
       "      <td>0.331933</td>\n",
       "      <td>-0.515586</td>\n",
       "      <td>-0.157777</td>\n",
       "      <td>0.147462</td>\n",
       "      <td>-0.053713</td>\n",
       "      <td>1.000000</td>\n",
       "      <td>-0.455928</td>\n",
       "      <td>-0.315769</td>\n",
       "      <td>-0.453645</td>\n",
       "      <td>-0.325131</td>\n",
       "    </tr>\n",
       "    <tr>\n",
       "      <th>INTC</th>\n",
       "      <td>0.794059</td>\n",
       "      <td>0.898312</td>\n",
       "      <td>0.741423</td>\n",
       "      <td>-0.262902</td>\n",
       "      <td>0.872356</td>\n",
       "      <td>0.775985</td>\n",
       "      <td>0.887293</td>\n",
       "      <td>0.385548</td>\n",
       "      <td>0.891206</td>\n",
       "      <td>0.665407</td>\n",
       "      <td>-0.370195</td>\n",
       "      <td>0.258233</td>\n",
       "      <td>-0.455928</td>\n",
       "      <td>1.000000</td>\n",
       "      <td>0.847626</td>\n",
       "      <td>0.880434</td>\n",
       "      <td>0.822895</td>\n",
       "    </tr>\n",
       "    <tr>\n",
       "      <th>META</th>\n",
       "      <td>0.921944</td>\n",
       "      <td>0.934049</td>\n",
       "      <td>0.910948</td>\n",
       "      <td>-0.368922</td>\n",
       "      <td>0.922222</td>\n",
       "      <td>0.854278</td>\n",
       "      <td>0.926514</td>\n",
       "      <td>0.554667</td>\n",
       "      <td>0.825030</td>\n",
       "      <td>0.844292</td>\n",
       "      <td>-0.563172</td>\n",
       "      <td>0.080671</td>\n",
       "      <td>-0.315769</td>\n",
       "      <td>0.847626</td>\n",
       "      <td>1.000000</td>\n",
       "      <td>0.869337</td>\n",
       "      <td>0.963382</td>\n",
       "    </tr>\n",
       "    <tr>\n",
       "      <th>BRK-B</th>\n",
       "      <td>0.788830</td>\n",
       "      <td>0.903245</td>\n",
       "      <td>0.729732</td>\n",
       "      <td>-0.352351</td>\n",
       "      <td>0.921360</td>\n",
       "      <td>0.824269</td>\n",
       "      <td>0.918348</td>\n",
       "      <td>0.512422</td>\n",
       "      <td>0.931949</td>\n",
       "      <td>0.707465</td>\n",
       "      <td>-0.275689</td>\n",
       "      <td>0.257107</td>\n",
       "      <td>-0.453645</td>\n",
       "      <td>0.880434</td>\n",
       "      <td>0.869337</td>\n",
       "      <td>1.000000</td>\n",
       "      <td>0.836509</td>\n",
       "    </tr>\n",
       "    <tr>\n",
       "      <th>MSFT</th>\n",
       "      <td>0.959371</td>\n",
       "      <td>0.917446</td>\n",
       "      <td>0.943149</td>\n",
       "      <td>-0.194852</td>\n",
       "      <td>0.922689</td>\n",
       "      <td>0.865251</td>\n",
       "      <td>0.917078</td>\n",
       "      <td>0.503143</td>\n",
       "      <td>0.823150</td>\n",
       "      <td>0.926793</td>\n",
       "      <td>-0.532643</td>\n",
       "      <td>-0.030058</td>\n",
       "      <td>-0.325131</td>\n",
       "      <td>0.822895</td>\n",
       "      <td>0.963382</td>\n",
       "      <td>0.836509</td>\n",
       "      <td>1.000000</td>\n",
       "    </tr>\n",
       "  </tbody>\n",
       "</table>\n",
       "</div>"
      ],
      "text/plain": [
       "           AAPL      GOOG       AMD       GME       SPY      NFLX      AMZN  \\\n",
       "AAPL   1.000000  0.868021  0.926885 -0.040056  0.923061  0.849538  0.901260   \n",
       "GOOG   0.868021  1.000000  0.850978 -0.314211  0.900151  0.812996  0.951157   \n",
       "AMD    0.926885  0.850978  1.000000 -0.074643  0.869305  0.847477  0.858700   \n",
       "GME   -0.040056 -0.314211 -0.074643  1.000000 -0.167231 -0.112100 -0.207234   \n",
       "SPY    0.923061  0.900151  0.869305 -0.167231  1.000000  0.932366  0.950676   \n",
       "NFLX   0.849538  0.812996  0.847477 -0.112100  0.932366  1.000000  0.897203   \n",
       "AMZN   0.901260  0.951157  0.858700 -0.207234  0.950676  0.897203  1.000000   \n",
       "BA     0.489047  0.396521  0.589583 -0.192251  0.617639  0.655303  0.478082   \n",
       "WMT    0.774860  0.890566  0.679043 -0.293026  0.861746  0.745678  0.868844   \n",
       "CMG    0.914949  0.783993  0.885239 -0.000783  0.824189  0.789582  0.805317   \n",
       "GS    -0.449356 -0.487351 -0.490715  0.431301 -0.276935 -0.305061 -0.405372   \n",
       "XOM   -0.043326  0.144000 -0.108925 -0.308912  0.104271 -0.005493  0.106875   \n",
       "NKE   -0.331529 -0.500188 -0.232427  0.023417 -0.332360 -0.261513 -0.493786   \n",
       "INTC   0.794059  0.898312  0.741423 -0.262902  0.872356  0.775985  0.887293   \n",
       "META   0.921944  0.934049  0.910948 -0.368922  0.922222  0.854278  0.926514   \n",
       "BRK-B  0.788830  0.903245  0.729732 -0.352351  0.921360  0.824269  0.918348   \n",
       "MSFT   0.959371  0.917446  0.943149 -0.194852  0.922689  0.865251  0.917078   \n",
       "\n",
       "             BA       WMT       CMG        GS       XOM       NKE      INTC  \\\n",
       "AAPL   0.489047  0.774860  0.914949 -0.449356 -0.043326 -0.331529  0.794059   \n",
       "GOOG   0.396521  0.890566  0.783993 -0.487351  0.144000 -0.500188  0.898312   \n",
       "AMD    0.589583  0.679043  0.885239 -0.490715 -0.108925 -0.232427  0.741423   \n",
       "GME   -0.192251 -0.293026 -0.000783  0.431301 -0.308912  0.023417 -0.262902   \n",
       "SPY    0.617639  0.861746  0.824189 -0.276935  0.104271 -0.332360  0.872356   \n",
       "NFLX   0.655303  0.745678  0.789582 -0.305061 -0.005493 -0.261513  0.775985   \n",
       "AMZN   0.478082  0.868844  0.805317 -0.405372  0.106875 -0.493786  0.887293   \n",
       "BA     1.000000  0.322335  0.484419 -0.092206  0.038069  0.331933  0.385548   \n",
       "WMT    0.322335  1.000000  0.685590 -0.314461  0.249897 -0.515586  0.891206   \n",
       "CMG    0.484419  0.685590  1.000000 -0.458591 -0.087038 -0.157777  0.665407   \n",
       "GS    -0.092206 -0.314461 -0.458591  1.000000  0.156256  0.147462 -0.370195   \n",
       "XOM    0.038069  0.249897 -0.087038  0.156256  1.000000 -0.053713  0.258233   \n",
       "NKE    0.331933 -0.515586 -0.157777  0.147462 -0.053713  1.000000 -0.455928   \n",
       "INTC   0.385548  0.891206  0.665407 -0.370195  0.258233 -0.455928  1.000000   \n",
       "META   0.554667  0.825030  0.844292 -0.563172  0.080671 -0.315769  0.847626   \n",
       "BRK-B  0.512422  0.931949  0.707465 -0.275689  0.257107 -0.453645  0.880434   \n",
       "MSFT   0.503143  0.823150  0.926793 -0.532643 -0.030058 -0.325131  0.822895   \n",
       "\n",
       "           META     BRK-B      MSFT  \n",
       "AAPL   0.921944  0.788830  0.959371  \n",
       "GOOG   0.934049  0.903245  0.917446  \n",
       "AMD    0.910948  0.729732  0.943149  \n",
       "GME   -0.368922 -0.352351 -0.194852  \n",
       "SPY    0.922222  0.921360  0.922689  \n",
       "NFLX   0.854278  0.824269  0.865251  \n",
       "AMZN   0.926514  0.918348  0.917078  \n",
       "BA     0.554667  0.512422  0.503143  \n",
       "WMT    0.825030  0.931949  0.823150  \n",
       "CMG    0.844292  0.707465  0.926793  \n",
       "GS    -0.563172 -0.275689 -0.532643  \n",
       "XOM    0.080671  0.257107 -0.030058  \n",
       "NKE   -0.315769 -0.453645 -0.325131  \n",
       "INTC   0.847626  0.880434  0.822895  \n",
       "META   1.000000  0.869337  0.963382  \n",
       "BRK-B  0.869337  1.000000  0.836509  \n",
       "MSFT   0.963382  0.836509  1.000000  "
      ]
     },
     "execution_count": 6,
     "metadata": {},
     "output_type": "execute_result"
    }
   ],
   "source": [
    "correlation_matrix = stock_data.corr()\n",
    "correlation_matrix"
   ]
  },
  {
   "cell_type": "markdown",
   "metadata": {},
   "source": [
    "Use a heatmap to eaier visualise correlations (lighter colours = higher correlation), our aim here is to find values very close to 1 (>0.85)."
   ]
  },
  {
   "cell_type": "code",
   "execution_count": 10,
   "metadata": {},
   "outputs": [
    {
     "data": {
      "text/plain": [
       "<Axes: >"
      ]
     },
     "execution_count": 10,
     "metadata": {},
     "output_type": "execute_result"
    },
    {
     "data": {
